
PERMNO =  91952

Stock Identification
--------------------
PERMNO    CUSIP Htick  PERMCO   COMPNO   Issuno EX  SIC    Begdt    Enddt DEL
 91952 92193783 BND     52127        0        0  4 6726 20070410 20151231 100

Latest Company Name                  Symbol       Naics   SH Ex1 Ex2 Tst Sst
VANGUARD BOND INDEX FUNDS            BND          525990  73   R       A   R


Time Series
-----------
   Caldt       Adjprc
20130604     82.13000
20130605     82.10000
20130606     82.21000
20130607     82.00000
20130610     81.79000
20130611     81.83000
20130612     81.67000
20130613     82.03000
20130614     82.12000
20130617     82.06000
20130618     81.99000
20130619     81.51000
20130620     80.77000
20130621     80.44000
20130624     80.05000
20130625     80.23800
20130626     80.52000
20130627     80.84000
20130628     80.88000
20130701     80.85000
20130702     80.87000
20130703     80.81000
20130705     79.91000
20130708     80.27000
20130709     80.36000
20130710     80.16000
20130711     80.70000
20130712     80.59000
20130715     80.81000
20130716     80.93000
20130717     81.11000
20130718     80.98000
20130719     81.19000
20130722     81.24000
20130723     81.22000
20130724     80.96000
20130725     80.93000
20130726     80.99000
20130729     80.98000
20130730     80.93000
20130731     81.02000
20130801     80.46000
20130802     80.72000
20130805     80.75000
20130806     80.70000
20130807     80.82000
20130808     80.86000
20130809     80.96000
20130812     80.81000
20130813     80.53000
20130814     80.49000
20130815     80.20000
20130816     79.99000
20130819     79.76000
20130820     79.99000
20130821     79.68000
20130822     79.76000
20130823     79.99000
20130826     80.13000
20130827     80.33000
20130828     80.19000
20130829     80.27000
20130830     80.16000
20130903     79.81000
20130904     79.71000
20130905     79.16000
20130906     79.46000
20130909     79.66000
20130910     79.49000
20130911     79.71000
20130912     79.69000
20130913     79.82000
20130916     79.92000
20130917     79.99000
20130918     80.63000
20130919     80.54000
20130920     80.53000
20130923     80.59000
20130924     80.76000
20130925     80.93000
20130926     80.81000
20130927     80.83000
20130930     80.88000
20131001     80.61000
20131002     80.70000
20131003     80.74000
20131004     80.65000
20131007     80.71000
20131008     80.68000
20131009     80.63000
20131010     80.65000
20131011     80.68000
20131014     80.52000
20131015     80.50000
20131016     80.84000
20131017     81.12000
20131018     81.21000
20131021     81.11000
20131022     81.37000
20131023     81.41000
20131024     81.41000
20131025     81.50000
20131028     81.43000
20131029     81.48500
20131030     81.40000
20131031     81.40000
20131101     81.00000
20131104     81.05000
20131105     80.81000
20131106     80.95000
20131107     81.11000
20131108     80.58000
20131111     80.51000
20131112     80.47000
20131113     80.69000
20131114     80.92000
20131115     80.95000
20131118     81.10000
20131119     80.94000
20131120     80.72000
20131121     80.72000
20131122     80.90000
20131125     80.96000
20131126     80.97000
20131127     80.94000
20131129     80.98000
20131202     80.50000
20131203     80.58000
20131204     80.46000
20131205     80.32000
20131206     80.44000
20131209     80.52000
20131210     80.69000
20131211     80.55000
20131212     80.34000
20131213     80.43000
20131216     80.46000
20131217     80.61000
20131218     80.58000
20131219     80.43000
20131220     80.58000
20131223     80.48000
20131224     80.07000
20131226     79.95000
20131227     79.95000
20131230     80.08000
20131231     80.05000
20140102     80.12000
20140103     80.13000
20140106     80.20000
20140107     80.30000
20140108     80.04000
20140109     80.19000
20140110     80.58000
20140113     80.69000
20140114     80.57000
20140115     80.52000
20140116     80.70000
20140117     80.79000
20140121     80.79000
20140122     80.65000
20140123     80.87000
20140124     81.08000
20140127     80.93000
20140128     81.00000
20140129     81.18000
20140130     81.18000
20140131     81.29000
20140203     81.38000
20140204     81.25000
20140205     81.08000
20140206     81.05000
20140207     81.15000
20140210     81.20000
20140211     81.03000
20140212     80.89000
20140213     81.09000
20140214     81.06000
20140218     81.17000
20140219     81.10000
20140220     81.09000
20140221     81.15000
20140224     81.13000
20140225     81.29000
20140226     81.46000
20140227     81.56000
20140228     81.50000
20140303     81.50000
20140304     81.22000
20140305     81.33000
20140306     81.13000
20140307     80.89000
20140310     80.94000
20140311     80.93000
20140312     81.10000
20140313     81.34000
20140314     81.29000
20140317     81.18000
20140318     81.27000
20140319     80.89000
20140320     80.82000
20140321     81.05000
20140324     81.06000
20140325     81.04000
20140326     81.26000
20140327     81.34000
20140328     81.19000
20140331     81.19000
20140401     80.91000
20140402     80.75000
20140403     80.82000
20140404     81.06000
20140407     81.21000
20140408     81.27000
20140409     81.25000
20140410     81.50000
20140411     81.55000
20140414     81.54000
20140415     81.58000
20140416     81.53000
20140417     81.32000
20140421     81.34000
20140422     81.34000
20140423     81.46500
20140424     81.49000
20140425     81.52000
20140428     81.43000
20140429     81.47000
20140430     81.65000
20140501     81.67000
20140502     81.76000
20140505     81.67000
20140506     81.75000
20140507     81.79000
20140508     81.83000
20140509     81.73000
20140512     81.65000
20140513     81.80000
20140514     82.01000
20140515     82.16000
20140516     82.16000
20140519     82.13000
20140520     82.17000
20140521     82.10000
20140522     82.05000
20140523     82.13000
20140527     82.21000
20140528     82.48000
20140529     82.41000
20140530     82.33000
20140602     81.95000
20140603     81.75000
20140604     81.76000
20140605     81.85000
20140606     81.84000
20140609     81.77000
20140610     81.61000
20140611     81.64000
20140612     81.85000
20140613     81.83000
20140616     81.81000
20140617     81.62000
20140618     81.83000
20140619     81.76000
20140620     81.81000
20140623     81.78000
20140624     81.93000
20140625     82.04000
20140626     82.15000
20140627     82.15000
20140630     82.22000
20140701     81.89000
20140702     81.67000
20140703     81.57000
20140707     81.67000
20140708     81.82000
20140709     81.90000
20140710     81.92000
20140711     82.04000
20140714     81.92000
20140715     81.86000
20140716     81.89000
20140717     82.11000
20140718     82.11000
20140721     82.11000
20140722     82.22000
20140723     82.18000
20140724     82.02000
20140725     82.17000
20140728     82.15000
20140729     82.22000
20140730     81.91000
20140731     81.82000
20140801     81.92000
20140804     82.03000
20140805     81.92000
20140806     82.01000
20140807     82.19000
20140808     82.13000
20140811     82.17000
20140812     82.10000
20140813     82.25000
20140814     82.33000
20140815     82.48000
20140818     82.31000
20140819     82.30000
20140820     82.18000
20140821     82.27000
20140822     82.27000
20140825     82.30000
20140826     82.34000
20140827     82.47000
20140828     82.58000
20140829     82.58000
20140902     82.12000
20140903     82.26000
20140904     82.12000
20140905     82.09000
20140908     82.03000
20140909     81.89000
20140910     81.74000
20140911     81.68000
20140912     81.55000
20140915     81.59000
20140916     81.56000
20140917     81.46000
20140918     81.47000
20140919     81.64000
20140922     81.74000
20140923     81.78000
20140924     81.73000
20140925     81.93000
20140926     81.85000
20140929     81.95000
20140930     81.93000
20141001     82.12000
20141002     82.06000
20141003     82.01000
20141006     82.20000
20141007     82.41000
20141008     82.63000
20141009     82.50000
20141010     82.57000
20141013     82.81000
20141014     82.92000
20141015     83.11000
20141016     82.97000
20141017     82.91000
20141020     82.98000
20141021     82.86000
20141022     82.84000
20141023     82.59000
20141024     82.66000
20141027     82.63000
20141028     82.58000
20141029     82.44000
20141030     82.50000
20141031     82.36000
20141103     82.15000
20141104     82.13000
20141105     82.23000
20141106     82.04000
20141107     82.32000
20141110     82.15000
20141111     82.19000
20141112     82.18000
20141113     82.24000
20141114     82.26000
20141117     82.26000
20141118     82.38000
20141119     82.17000
20141120     82.27000
20141121     82.45000
20141124     82.46000
20141125     82.61000
20141126     82.73000
20141128     82.87000
20141201     82.58000
20141202     82.40000
20141203     82.37500
20141204     82.52000
20141205     82.28000
20141208     82.45000
20141209     82.48000
20141210     82.70000
20141211     82.62000
20141212     82.90000
20141215     82.75000
20141216     82.94000
20141217     82.74000
20141218     82.61000
20141219     82.79000
20141222     82.75000
20141223     82.01000
20141224     82.04000
20141226     82.11000
20141229     82.25000
20141230     82.31000
20141231     82.37000
20150102     82.65000
20150105     82.89000
20150106     83.13000
20150107     83.18000
20150108     83.05000
20150109     83.19000
20150112     83.30000
20150113     83.38000
20150114     83.57000
20150115     83.94000
20150116     83.69000
20150120     83.60000
20150121     83.44000
20150122     83.46000
20150123     83.73000
20150126     83.63000
20150127     83.68000
20150128     83.98000
20150129     83.89000
20150130     84.35000
20150202     84.08000
20150203     83.82000
20150204     83.85000
20150205     83.67000
20150206     83.13000
20150209     83.10000
20150210     82.95000
20150211     82.95000
20150212     82.99000
20150213     82.80000
20150217     82.47000
20150218     82.70000
20150219     82.63000
20150220     82.65000
20150223     82.82000
20150224     83.16000
20150225     83.24000
20150226     83.01000
20150227     83.08000
20150302     82.65000
20150303     82.55000
20150304     82.55000
20150305     82.60000
20150306     82.12000
20150309     82.22000
20150310     82.54000
20150311     82.63000
20150312     82.69000
20150313     82.61000
20150316     82.77000
20150317     82.84000
20150318     83.35000
20150319     83.10000
20150320     83.32000
20150323     83.36000
20150324     83.50000
20150325     83.37000
20150326     83.10000
20150327     83.18000
20150330     83.28000
20150331     83.37000
20150401     83.51000
20150402     83.40000
20150406     83.47000
20150407     83.52000
20150408     83.46000
20150409     83.28000
20150410     83.24000
20150413     83.26000
20150414     83.41000
20150415     83.49000
20150416     83.47000
20150417     83.61000
20150420     83.52000
20150421     83.42000
20150422     83.11000
20150423     83.27000
20150424     83.40000
20150427     83.34000
20150428     83.08000
20150429     82.82000
20150430     82.91000
20150501     82.50000
20150504     82.38000
20150505     82.25000
20150506     82.02000
20150507     82.19000
20150508     82.41000
20150511     81.98000
20150512     81.88000
20150513     81.84000
20150514     82.00000
20150515     82.33000
20150518     82.03000
20150519     81.85000
20150520     81.85000
20150521     82.11000
20150522     82.06000
20150526     82.26000
20150527     82.30000
20150528     82.31000
20150529     82.34000
20150601     81.90000
20150602     81.67000
20150603     81.31000
20150604     81.51000
20150605     81.19000
20150608     81.29000
20150609     81.05000
20150610     80.88000
20150611     81.26000
20150612     81.20000
20150615     81.21000
20150616     81.42000
20150617     81.45000
20150618     81.39000
20150619     81.62000
20150622     81.23000
20150623     81.04000
20150624     81.19000
20150625     81.08000
20150626     80.93000
20150629     81.34000
20150630     81.26000
20150701     80.90000
20150702     81.10000
20150706     81.38000
20150707     81.46000
20150708     81.69000
20150709     81.42000
20150710     81.04000
20150713     80.85000
20150714     81.00000
20150715     81.23000
20150716     81.23000
20150717     81.24000
20150720     81.13000
20150721     81.28000
20150722     81.31000
20150723     81.50000
20150724     81.55000
20150727     81.71000
20150728     81.57000
20150729     81.50000
20150730     81.53000
20150731     81.81000
20150803     81.83000
20150804     81.55000
20150805     81.42000
20150806     81.47000
20150807     81.64000
20150810     81.47000
20150811     81.78000
20150812     81.75000
20150813     81.58000
20150814     81.55000
20150817     81.70000
20150818     81.55000
20150819     81.84000
20150820     81.91000
20150821     82.04000
20150824     82.02000
20150825     81.75000
20150826     81.40000
20150827     81.51000
20150828     81.55000
20150831     81.44000
20150901     81.47000
20150902     81.41000
20150903     81.47000
20150904     81.67000
20150908     81.47000
20150909     81.45000
20150910     81.28000
20150911     81.45000
20150914     81.47000
20150915     81.13000
20150916     81.08000
20150917     81.54000
20150918     81.77000
20150921     81.47000
20150922     81.62000
20150923     81.62000
20150924     81.65000
20150925     81.50000
20150928     81.71000
20150929     81.77000
20150930     81.93000
20151001     81.81000
20151002     82.12000
20151005     81.80000
20151006     81.91000
20151007     81.91000
20151008     81.78000
20151009     81.77000
20151012     81.91000
20151013     81.96000
20151014     82.26000
20151015     82.10000
20151016     82.07000
20151019     82.07000
20151020     81.94000
20151021     82.09000
20151022     82.23000
20151023     82.02000
20151026     82.11000
20151027     82.13000
20151028     81.90000
20151029     81.61000
20151030     81.79000
20151102     81.46000
20151103     81.32000
20151104     81.37000
20151105     81.22000
20151106     80.90000
20151109     80.83000
20151110     80.92000
20151111     80.93000
20151112     80.94000
20151113     81.09000
20151116     81.09000
20151117     81.18000
20151118     81.14000
20151119     81.25000
20151120     81.23000
20151123     81.26000
20151124     81.29000
20151125     81.30000
20151127     81.34000
20151130     81.30000
20151201     81.44000
20151202     81.34000
20151203     80.71000
20151204     81.03000
20151207     81.17000
20151208     81.19000
20151209     81.16000
20151210     81.15000
20151211     81.37000
20151214     80.99000
20151215     80.90000
20151216     80.81000
20151217     80.98000
20151218     81.16100
20151221     81.07000
20151222     80.96000
20151223     80.74000
20151224     80.80000
20151228     80.80000
20151229     80.55000
20151230     80.60000
20151231     80.76000

