
PERMNO =  13948

Stock Identification
--------------------
PERMNO    CUSIP Htick  PERMCO   COMPNO   Issuno EX  SIC    Begdt    Enddt DEL
 13948 92203J40 BNDX    54425 60073234    72354  3 9999 20130604 20151231 100

Latest Company Name                  Symbol       Naics   SH Ex1 Ex2 Tst Sst
VANGUARD CHARLOTTE FUNDS             BNDX         525910  73   Q       A   R


Time Series
-----------
   Caldt       Adjprc
20130604     50.30000
20130605     50.36000
20130606     50.29000
20130607     50.18500
20130610     49.82600
20130611     49.82000
20130612     50.02000
20130613     49.85000
20130614     49.97000
20130617     50.01000
20130618     49.93000
20130619     49.81000
20130620     49.65000
20130621     49.55000
20130624     49.52900
20130625     49.37000
20130626     49.34500
20130627     49.47000
20130628     49.41000
20130701     49.46000
20130702     49.42000
20130703     49.57990
20130705     49.34000
20130708     49.49000
20130709     49.52990
20130710     49.55000
20130711     49.62000
20130712     49.57000
20130715     49.55000
20130716     49.65500
20130717     49.69990
20130718     49.68000
20130719     49.50260
20130722     49.64810
20130723     49.74000
20130724     49.62000
20130725     49.56000
20130726     49.70000
20130729     49.62000
20130730     49.60000
20130731     49.49000
20130801     49.45000
20130802     49.64000
20130805     49.56000
20130806     49.54000
20130807     49.55000
20130808     49.57000
20130809     49.63000
20130812     49.64000
20130813     49.49000
20130814     49.45000
20130815     49.36000
20130816     49.34000
20130819     49.15000
20130820     49.31000
20130821     49.18040
20130822     49.09000
20130823     49.07000
20130826     49.06000
20130827     49.13000
20130828     49.10000
20130829     49.25010
20130830     49.33000
20130903     49.02000
20130904     49.26000
20130905     48.85000
20130906     49.12000
20130909     49.07000
20130910     48.95000
20130911     49.09000
20130912     49.16000
20130913     49.15000
20130916     49.21000
20130917     49.23000
20130918     49.60990
20130919     49.55000
20130920     49.43000
20130923     49.63000
20130924     49.67000
20130925     49.70000
20130926     49.65000
20130927     49.72000
20130930     49.65000
20131001     49.65000
20131002     49.75000
20131003     49.67000
20131004     49.65000
20131007     49.74000
20131008     49.66000
20131009     49.66000
20131010     49.66000
20131011     49.47000
20131014     49.57500
20131015     49.50000
20131016     49.71000
20131017     49.70000
20131018     49.77000
20131021     49.73000
20131022     49.91000
20131023     49.93000
20131024     49.97000
20131025     49.99000
20131028     49.97000
20131029     50.04000
20131030     50.08000
20131031     50.09000
20131101     50.08000
20131104     50.05000
20131105     49.94990
20131106     49.90000
20131107     49.96000
20131108     49.90000
20131111     49.93000
20131112     49.93000
20131113     49.97000
20131114     49.97000
20131115     49.98000
20131118     50.00000
20131119     49.95000
20131120     49.91000
20131121     49.89000
20131122     49.90000
20131125     49.97000
20131126     50.04000
20131127     49.99000
20131129     50.02000
20131202     49.88000
20131203     49.94000
20131204     49.79000
20131205     49.71000
20131206     49.76000
20131209     49.79000
20131210     49.83000
20131211     49.85000
20131212     49.82000
20131213     49.86000
20131216     49.85000
20131217     49.83860
20131218     49.84000
20131219     49.74000
20131220     49.74000
20131223     49.77500
20131224     49.71000
20131226     49.71000
20131227     49.57000
20131230     49.59900
20131231     49.62000
20140102     49.64000
20140103     49.60000
20140106     49.72000
20140107     49.84000
20140108     49.72000
20140109     49.76000
20140110     49.89000
20140113     49.93000
20140114     49.91000
20140115     49.89000
20140116     50.02000
20140117     50.06000
20140121     50.07000
20140122     49.99000
20140123     50.11000
20140124     50.21000
20140127     50.13000
20140128     50.17000
20140129     50.22000
20140130     50.26000
20140131     50.33000
20140203     50.34000
20140204     50.29000
20140205     50.29000
20140206     50.22000
20140207     50.30000
20140210     50.23000
20140211     50.26000
20140212     50.18000
20140213     50.32000
20140214     50.26000
20140218     50.32000
20140219     50.32000
20140220     50.10000
20140221     50.27000
20140224     50.28000
20140225     50.39000
20140226     50.46000
20140227     50.57000
20140228     50.51000
20140303     50.59000
20140304     50.49000
20140305     50.50000
20140306     50.44000
20140307     50.39000
20140310     50.42000
20140311     50.44000
20140312     50.51000
20140313     50.53000
20140314     50.55000
20140317     50.55000
20140318     50.57000
20140319     50.44000
20140320     50.42000
20140321     50.50000
20140324     50.54000
20140325     50.55000
20140326     50.60000
20140327     50.65000
20140328     50.60000
20140331     50.61000
20140401     50.51000
20140402     50.45000
20140403     50.52000
20140404     50.60000
20140407     50.65000
20140408     50.61000
20140409     50.60000
20140410     50.70000
20140411     50.77000
20140414     50.69000
20140415     50.82000
20140416     50.77000
20140417     50.69000
20140421     50.73000
20140422     50.73000
20140423     50.74000
20140424     50.74000
20140425     50.80000
20140428     50.75000
20140429     50.77000
20140430     50.85000
20140501     50.82000
20140502     50.83000
20140505     50.81000
20140506     50.83500
20140507     50.84000
20140508     50.91000
20140509     50.88000
20140512     50.86000
20140513     51.00000
20140514     51.04000
20140515     51.13000
20140516     51.04000
20140519     51.05000
20140520     51.00000
20140521     50.98000
20140522     50.96000
20140523     50.98000
20140527     51.08000
20140528     51.38000
20140529     51.19000
20140530     51.16000
20140602     51.09000
20140603     51.03000
20140604     50.93000
20140605     51.09000
20140606     51.20000
20140609     51.19000
20140610     51.16000
20140611     51.11000
20140612     51.18000
20140613     51.20000
20140616     51.18000
20140617     51.14000
20140618     51.19000
20140619     51.28000
20140620     51.18000
20140623     51.26000
20140624     51.29000
20140625     51.38000
20140626     51.41900
20140627     51.39000
20140630     51.41000
20140701     51.32000
20140702     51.27000
20140703     51.24000
20140707     51.32000
20140708     51.38000
20140709     51.37000
20140710     51.42000
20140711     51.46000
20140714     51.43000
20140715     51.45000
20140716     51.49000
20140717     51.59000
20140718     51.58000
20140721     51.60000
20140722     51.61000
20140723     51.65000
20140724     51.59000
20140725     51.67500
20140728     51.65000
20140729     51.73000
20140730     51.63000
20140731     51.61000
20140801     51.60000
20140804     51.63000
20140805     51.59000
20140806     51.60000
20140807     51.66000
20140808     51.73000
20140811     51.71000
20140812     51.71000
20140813     51.79000
20140814     51.86000
20140815     51.85000
20140818     51.85000
20140819     51.89000
20140820     51.90000
20140821     51.92000
20140822     51.98000
20140825     52.07000
20140826     52.11000
20140827     52.23000
20140828     52.25000
20140829     52.24000
20140902     52.02000
20140903     52.01000
20140904     52.00000
20140905     52.12000
20140908     52.06000
20140909     51.95000
20140910     51.93000
20140911     51.88000
20140912     51.80000
20140915     51.77000
20140916     51.85000
20140917     51.86000
20140918     51.83500
20140919     51.95000
20140922     52.02000
20140923     52.03000
20140924     52.00000
20140925     52.13000
20140926     52.08000
20140929     52.11000
20140930     52.11000
20141001     52.20000
20141002     52.16000
20141003     52.19000
20141006     52.17000
20141007     52.26000
20141008     52.28000
20141009     52.31000
20141010     52.28000
20141013     52.35000
20141014     52.38000
20141015     52.61000
20141016     52.33000
20141017     52.17000
20141020     52.24000
20141021     52.24000
20141022     52.23000
20141023     52.24000
20141024     52.22000
20141027     52.22000
20141028     52.22000
20141029     52.24000
20141030     52.30000
20141031     52.37000
20141103     52.30000
20141104     52.32000
20141105     52.31000
20141106     52.33000
20141107     52.36000
20141110     52.38000
20141111     52.37000
20141112     52.39000
20141113     52.40000
20141114     52.44000
20141117     52.47000
20141118     52.44000
20141119     52.39000
20141120     52.50000
20141121     52.56000
20141124     52.53500
20141125     52.70000
20141126     52.75000
20141128     52.77000
20141201     52.78000
20141202     52.67000
20141203     52.68000
20141204     52.65000
20141205     52.48000
20141208     52.56000
20141209     52.66000
20141210     52.81000
20141211     52.79000
20141212     52.86000
20141215     52.93000
20141216     53.04000
20141217     53.04000
20141218     52.98000
20141219     53.05000
20141222     53.12000
20141223     52.99000
20141224     52.96000
20141226     53.02000
20141229     53.08000
20141230     53.14000
20141231     53.11000
20150102     53.35000
20150105     53.33000
20150106     53.45000
20150107     53.40500
20150108     53.39000
20150109     53.36000
20150112     53.48000
20150113     53.53000
20150114     53.66000
20150115     53.41000
20150116     53.72000
20150120     53.70000
20150121     53.78000
20150122     53.71000
20150123     54.03000
20150126     53.96000
20150127     53.90960
20150128     54.03000
20150129     53.98000
20150130     54.06000
20150202     54.07000
20150203     53.95000
20150204     53.90000
20150205     53.80000
20150206     53.64000
20150209     53.61000
20150210     53.48000
20150211     53.63000
20150212     53.71000
20150213     53.60000
20150217     53.59000
20150218     53.52000
20150219     53.54000
20150220     53.57000
20150223     53.65000
20150224     53.73000
20150225     53.85000
20150226     53.86000
20150227     53.89000
20150302     53.70000
20150303     53.59000
20150304     53.59000
20150305     53.66000
20150306     53.54000
20150309     53.64000
20150310     53.83000
20150311     53.91000
20150312     53.91000
20150313     53.90000
20150316     53.72000
20150317     53.65000
20150318     53.90000
20150319     54.02000
20150320     54.07000
20150323     54.05000
20150324     54.03000
20150325     54.01000
20150326     53.97000
20150327     53.94000
20150330     53.97000
20150331     54.09000
20150401     54.05000
20150402     53.95000
20150406     54.06000
20150407     54.02000
20150408     54.09000
20150409     54.07000
20150410     54.12000
20150413     54.14000
20150414     54.19000
20150415     54.23000
20150416     54.14000
20150417     54.16000
20150420     54.09000
20150421     54.00000
20150422     53.90000
20150423     53.87000
20150424     54.06000
20150427     54.02000
20150428     53.97000
20150429     53.55000
20150430     53.48000
20150501     53.42000
20150504     53.26000
20150505     53.07000
20150506     52.78000
20150507     52.92000
20150508     53.03000
20150511     52.88000
20150512     52.64000
20150513     52.56000
20150514     52.56000
20150515     52.86000
20150518     52.77000
20150519     52.88000
20150520     52.82000
20150521     52.81000
20150522     52.83000
20150526     52.98000
20150527     53.00000
20150528     53.03000
20150529     53.14000
20150601     52.98000
20150602     52.75000
20150603     52.40000
20150604     52.39000
20150605     52.34000
20150608     52.26000
20150609     52.16000
20150610     52.01000
20150611     52.18000
20150612     52.33000
20150615     52.35000
20150616     52.20000
20150617     52.32000
20150618     52.20000
20150619     52.39000
20150622     52.18000
20150623     52.25000
20150624     52.25000
20150625     52.27000
20150626     52.10000
20150629     52.20000
20150630     52.37000
20150701     52.22000
20150702     52.05000
20150706     52.13000
20150707     52.45000
20150708     52.41000
20150709     52.39000
20150710     52.30000
20150713     52.28000
20150714     52.27000
20150715     52.49000
20150716     52.51000
20150717     52.55000
20150720     52.65000
20150721     52.62000
20150722     52.67000
20150723     52.78000
20150724     52.88000
20150727     52.90000
20150728     52.85000
20150729     52.83000
20150730     52.95000
20150731     52.98000
20150803     52.96000
20150804     52.93000
20150805     52.72500
20150806     52.97000
20150807     52.90000
20150810     52.81000
20150811     53.01000
20150812     53.02000
20150813     52.99000
20150814     52.91500
20150817     53.01000
20150818     52.95000
20150819     53.04000
20150820     53.10000
20150821     53.07000
20150824     52.95000
20150825     52.65000
20150826     52.70000
20150827     52.67000
20150828     52.69000
20150831     52.56000
20150901     52.64000
20150902     52.62000
20150903     52.74000
20150904     52.90000
20150908     53.01000
20150909     52.84000
20150910     52.81000
20150911     52.85000
20150914     52.82000
20150915     52.75000
20150916     52.60000
20150917     52.65000
20150918     52.96000
20150921     52.82000
20150922     52.99000
20150923     52.89000
20150924     52.95000
20150925     52.88000
20150928     52.90000
20150929     52.98000
20150930     52.93000
20151001     52.90000
20151002     53.09000
20151005     53.00000
20151006     52.94000
20151007     52.92000
20151008     52.91000
20151009     52.81000
20151012     52.92000
20151013     52.98000
20151014     53.11000
20151015     53.04000
20151016     53.02000
20151019     53.03000
20151020     52.93000
20151021     53.01000
20151022     53.19000
20151023     53.19000
20151026     53.17000
20151027     53.30000
20151028     53.29000
20151029     53.12000
20151030     53.18000
20151102     52.97000
20151103     52.93000
20151104     52.81000
20151105     52.86000
20151106     52.66000
20151109     52.64000
20151110     52.76000
20151111     52.82000
20151112     52.84000
20151113     52.94000
20151116     53.01000
20151117     53.04000
20151118     53.12000
20151119     53.15000
20151120     53.12000
20151123     53.11000
20151124     53.18000
20151125     53.22000
20151127     53.25000
20151130     53.20000
20151201     53.24000
20151202     53.21000
20151203     52.70000
20151204     52.70000
20151207     53.00000
20151208     53.03000
20151209     53.03000
20151210     52.99000
20151211     53.07000
20151214     52.98000
20151215     52.87000
20151216     52.84000
20151217     52.92000
20151218     53.06000
20151221     53.11000
20151222     53.06000
20151223     52.84000
20151224     52.84000
20151228     53.02000
20151229     52.77000
20151230     52.79000
20151231     52.88000

