
PERMNO =  90878

Stock Identification
--------------------
PERMNO    CUSIP Htick  PERMCO   COMPNO   Issuno EX  SIC    Begdt    Enddt DEL
 90878 92290876 VTI     41593        0        0  4 6726 20010531 20151231 100

Latest Company Name                  Symbol       Naics   SH Ex1 Ex2 Tst Sst
VANGUARD INDEX FUNDS                 VTI          525990  73   R       A   R


Time Series
-----------
   Caldt       Adjprc
20130604     84.20000
20130605     83.01000
20130606     83.79000
20130607     84.83000
20130610     84.86000
20130611     84.00000
20130612     83.29000
20130613     84.58000
20130614     84.10000
20130617     84.69000
20130618     85.33000
20130619     84.24000
20130620     82.15000
20130621     82.36000
20130624     80.92000
20130625     81.73000
20130626     82.49000
20130627     83.10000
20130628     82.67000
20130701     83.36000
20130702     83.27000
20130703     83.39000
20130705     84.28000
20130708     84.73000
20130709     85.33000
20130710     85.37000
20130711     86.61000
20130712     86.69000
20130715     87.02000
20130716     86.63000
20130717     86.91000
20130718     87.40000
20130719     87.53000
20130722     87.72000
20130723     87.56000
20130724     87.21000
20130725     87.53000
20130726     87.54000
20130729     87.24000
20130730     87.33000
20130731     87.42000
20130801     88.53000
20130802     88.57000
20130805     88.58000
20130806     88.00000
20130807     87.65000
20130808     88.01000
20130809     87.79000
20130812     87.73000
20130813     87.92000
20130814     87.46000
20130815     86.16000
20130816     85.88000
20130819     85.30000
20130820     85.86000
20130821     85.36000
20130822     86.12000
20130823     86.48000
20130826     86.26000
20130827     84.73000
20130828     85.04000
20130829     85.27000
20130830     84.77000
20130903     85.20000
20130904     85.96000
20130905     86.06000
20130906     86.13000
20130909     87.10000
20130910     87.78000
20130911     88.01000
20130912     87.74000
20130913     87.92000
20130916     88.43000
20130917     88.90000
20130918     89.94000
20130919     89.80000
20130920     89.20000
20130923     88.37000
20130924     88.23000
20130925     88.07000
20130926     88.41000
20130927     88.06000
20130930     87.65000
20131001     88.41000
20131002     88.26000
20131003     87.51000
20131004     88.15000
20131007     87.36000
20131008     86.20000
20131009     86.14000
20131010     88.08000
20131011     88.70000
20131014     89.09000
20131015     88.41000
20131016     89.65000
20131017     90.31000
20131018     90.95000
20131021     90.90000
20131022     91.42000
20131023     90.99000
20131024     91.34000
20131025     91.67000
20131028     91.74000
20131029     92.20000
20131030     91.66000
20131031     91.38500
20131101     91.51000
20131104     91.92500
20131105     91.66000
20131106     91.90000
20131107     90.68000
20131108     91.89000
20131111     91.95000
20131112     91.81000
20131113     92.59000
20131114     93.03000
20131115     93.44000
20131118     93.00000
20131119     92.73000
20131120     92.44000
20131121     93.27000
20131122     93.73000
20131125     93.63000
20131126     93.72000
20131127     93.99000
20131129     93.86000
20131202     93.66000
20131203     93.30000
20131204     93.17000
20131205     92.90000
20131206     93.86000
20131209     94.07000
20131210     93.76000
20131211     92.60000
20131212     92.43000
20131213     92.46000
20131216     93.11000
20131217     92.83000
20131218     94.33000
20131219     94.20000
20131220     94.33000
20131223     94.89000
20131224     95.15000
20131226     95.60000
20131227     95.54000
20131230     95.57000
20131231     95.92000
20140102     95.08000
20140103     95.06000
20140106     94.81000
20140107     95.42000
20140108     95.49000
20140109     95.57000
20140110     95.84000
20140113     94.63000
20140114     95.67000
20140115     96.15000
20140116     96.08000
20140117     95.71000
20140121     96.03000
20140122     96.21000
20140123     95.38000
20140124     93.32000
20140127     92.72000
20140128     93.37000
20140129     92.41000
20140130     93.49000
20140131     92.88000
20140203     90.70000
20140204     91.39000
20140205     91.25000
20140206     92.36000
20140207     93.55000
20140210     93.66000
20140211     94.73000
20140212     94.86000
20140213     95.44000
20140214     95.90000
20140218     96.18000
20140219     95.54000
20140220     96.18000
20140221     96.10000
20140224     96.65000
20140225     96.61000
20140226     96.71000
20140227     97.22000
20140228     97.40000
20140303     96.69000
20140304     98.21000
20140305     98.23000
20140306     98.41000
20140307     98.38000
20140310     98.31000
20140311     97.76000
20140312     97.83000
20140313     96.70000
20140314     96.58000
20140317     97.35000
20140318     98.18000
20140319     97.62000
20140320     98.11000
20140321     97.75000
20140324     97.18000
20140325     97.10000
20140326     96.29000
20140327     96.09000
20140328     96.52000
20140331     97.47000
20140401     98.23000
20140402     98.54000
20140403     98.27000
20140404     96.92000
20140407     95.76000
20140408     96.18000
20140409     97.33000
20140410     95.19000
20140411     94.25000
20140414     94.89000
20140415     95.54000
20140416     96.54000
20140417     96.73000
20140421     97.12000
20140422     97.62000
20140423     97.37000
20140424     97.50000
20140425     96.55000
20140428     96.69000
20140429     97.17000
20140430     97.53000
20140501     97.56000
20140502     97.48000
20140505     97.64000
20140506     96.74000
20140507     97.19000
20140508     96.93000
20140509     97.17000
20140512     98.27000
20140513     98.21000
20140514     97.67000
20140515     96.77000
20140516     97.18000
20140519     97.63000
20140520     96.90000
20140521     97.65000
20140522     97.98000
20140523     98.49000
20140527     99.14000
20140528     99.03000
20140529     99.56000
20140530     99.58000
20140602     99.70000
20140603     99.66000
20140604     99.87000
20140605    100.68000
20140606    101.20000
20140609    101.37000
20140610    101.35000
20140611    101.01000
20140612    100.29000
20140613    100.62000
20140616    100.70000
20140617    101.06000
20140618    101.81000
20140619    101.93000
20140620    102.17000
20140623    102.14000
20140624    101.00900
20140625    101.52000
20140626    101.46000
20140627    101.73000
20140630    101.77000
20140701    102.50000
20140702    102.44000
20140703    102.98000
20140707    102.44000
20140708    101.66000
20140709    102.10000
20140710    101.65000
20140711    101.74000
20140714    102.23000
20140715    101.97000
20140716    102.23000
20140717    101.05000
20140718    102.14000
20140721    101.90000
20140722    102.42000
20140723    102.66000
20140724    102.68000
20140725    102.14000
20140728    102.11000
20140729    101.74000
20140730    101.81000
20140731     99.74000
20140801     99.49000
20140804    100.17000
20140805     99.29000
20140806     99.31000
20140807     98.79000
20140808     99.93000
20140811    100.29000
20140812    100.11000
20140813    100.82000
20140814    101.26000
20140815    101.27000
20140818    102.18000
20140819    102.69000
20140820    102.93000
20140821    103.16000
20140822    103.01000
20140825    103.55000
20140826    103.74000
20140827    103.68000
20140828    103.57000
20140829    103.88000
20140902    103.96000
20140903    103.85000
20140904    103.63000
20140905    104.11000
20140908    103.90000
20140909    103.17000
20140910    103.56000
20140911    103.75000
20140912    103.08000
20140915    102.81000
20140916    103.54000
20140917    103.65000
20140918    104.18000
20140919    103.98000
20140922    103.02000
20140923    102.35660
20140924    102.69000
20140925    101.08000
20140926    101.90000
20140929    101.72000
20140930    101.24000
20141001     99.91000
20141002     99.96000
20141003    101.08000
20141006    100.88000
20141007     99.32000
20141008    100.97000
20141009     98.89000
20141010     97.66000
20141013     96.10000
20141014     96.40000
20141015     95.86000
20141016     96.07000
20141017     97.12000
20141020     98.09000
20141021    100.03000
20141022     99.25000
20141023    100.45000
20141024    101.15000
20141027    101.01000
20141028    102.32000
20141029    102.17000
20141030    102.80000
20141031    104.02000
20141103    104.08000
20141104    103.70000
20141105    104.19000
20141106    104.70000
20141107    104.78000
20141110    105.10000
20141111    105.20000
20141112    105.18000
20141113    105.16000
20141114    105.17000
20141117    105.16000
20141118    105.78000
20141119    105.51000
20141120    105.81000
20141121    106.37000
20141124    106.76000
20141125    106.74000
20141126    106.98000
20141128    106.60000
20141201    105.70000
20141202    106.36000
20141203    106.84000
20141204    106.71000
20141205    106.95000
20141208    106.19000
20141209    106.25000
20141210    104.51000
20141211    104.99000
20141212    103.34000
20141215    102.59000
20141216    101.83000
20141217    104.01000
20141218    106.47000
20141219    106.91000
20141222    106.77000
20141223    107.01000
20141224    107.04000
20141226    107.36000
20141229    107.59000
20141230    107.06000
20141231    106.00000
20150102    105.92000
20150105    104.10000
20150106    103.08000
20150107    104.31000
20150108    106.15000
20150109    105.27000
20150112    104.52000
20150113    104.28000
20150114    103.71000
20150115    102.66000
20150116    104.01990
20150120    104.17000
20150121    104.64000
20150122    106.23000
20150123    105.75000
20150126    106.19000
20150127    104.95000
20150128    103.53000
20150129    104.52000
20150130    103.10000
20150202    104.26000
20150203    105.86000
20150204    105.49000
20150205    106.65000
20150206    106.33000
20150209    105.80000
20150210    106.88000
20150211    106.93000
20150212    107.96000
20150213    108.47000
20150217    108.64000
20150218    108.70000
20150219    108.67000
20150220    109.28000
20150223    109.27000
20150224    109.52000
20150225    109.48000
20150226    109.41000
20150227    109.02000
20150302    109.69000
20150303    109.24000
20150304    108.80000
20150305    108.97000
20150306    107.46000
20150309    107.86000
20150310    106.22000
20150311    106.14000
20150312    107.47000
20150313    106.87000
20150316    108.21000
20150317    108.00000
20150318    109.24000
20150319    108.85000
20150320    109.76000
20150323    109.57000
20150324    108.99000
20150325    106.79000
20150326    106.58000
20150327    106.87000
20150330    108.23000
20150331    107.25000
20150401    107.05000
20150402    107.39000
20150406    108.13000
20150407    107.77000
20150408    108.23000
20150409    108.61000
20150410    109.12000
20150413    108.69000
20150414    108.85000
20150415    109.40000
20150416    109.35000
20150417    108.08000
20150420    108.96000
20150421    108.93000
20150422    109.39000
20150423    109.73000
20150424    109.85000
20150427    109.28000
20150428    109.57000
20150429    109.09000
20150430    107.91000
20150501    108.90000
20150504    109.28000
20150505    107.98000
20150506    107.68000
20150507    108.09000
20150508    109.45000
20150511    108.99000
20150512    108.67000
20150513    108.73000
20150514    109.81000
20150515    109.94000
20150518    110.35000
20150519    110.30000
20150520    110.23000
20150521    110.51000
20150522    110.30000
20150526    109.15000
20150527    110.15000
20150528    110.05000
20150529    109.31000
20150601    109.58000
20150602    109.50000
20150603    109.88000
20150604    109.00000
20150605    108.91000
20150608    108.24000
20150609    108.15000
20150610    109.47000
20150611    109.78000
20150612    109.06000
20150615    108.56000
20150616    109.16000
20150617    109.34000
20150618    110.42000
20150619    109.94000
20150622    110.61000
20150623    110.72000
20150624    109.88000
20150625    109.54000
20150626    109.01000
20150629    106.73000
20150630    107.02000
20150701    107.72000
20150702    107.58000
20150706    107.30000
20150707    107.89000
20150708    106.09000
20150709    106.31000
20150710    107.60000
20150713    108.82000
20150714    109.31000
20150715    109.17000
20150716    109.93000
20150717    109.96000
20150720    109.97000
20150721    109.49000
20150722    109.33000
20150723    108.70000
20150724    107.56000
20150727    106.85000
20150728    108.12000
20150729    108.86000
20150730    108.95000
20150731    108.84000
20150803    108.45000
20150804    108.27000
20150805    108.63000
20150806    107.74000
20150807    107.43000
20150810    108.77000
20150811    107.79000
20150812    107.90000
20150813    107.75000
20150814    108.16000
20150817    108.85000
20150818    108.57000
20150819    107.60000
20150820    105.26000
20150821    102.23000
20150824     98.12000
20150825     96.95000
20150826    100.47000
20150827    102.90000
20150828    102.98000
20150831    102.21000
20150901     99.21000
20150902    101.08000
20150903    101.20000
20150904     99.76000
20150908    102.28000
20150909    100.88000
20150910    101.40000
20150911    101.86000
20150914    101.47000
20150915    102.75000
20150916    103.62000
20150917    103.48000
20150918    101.84000
20150921    102.25000
20150922    100.88000
20150923    100.68000
20150924    100.32000
20150925     99.61000
20150928     96.94000
20150929     96.92000
20150930     98.72000
20151001     98.92000
20151002    100.36000
20151005    102.21000
20151006    101.88000
20151007    102.80000
20151008    103.69000
20151009    103.83000
20151012    103.85000
20151013    103.09000
20151014    102.56000
20151015    104.11000
20151016    104.51000
20151019    104.63000
20151020    104.51000
20151021    103.69000
20151022    105.21000
20151023    106.31000
20151026    106.06000
20151027    105.71000
20151028    107.10000
20151029    106.94000
20151030    106.53000
20151102    107.93000
20151103    108.20000
20151104    107.94000
20151105    107.82000
20151106    107.84000
20151109    106.76000
20151110    107.00000
20151111    106.54000
20151112    104.95000
20151113    103.84000
20151116    105.35000
20151117    105.22000
20151118    106.90000
20151119    106.76000
20151120    107.22000
20151123    107.11000
20151124    107.39000
20151125    107.47000
20151127    107.63000
20151130    107.17000
20151201    108.18000
20151202    107.05000
20151203    105.45000
20151204    107.39000
20151207    106.55000
20151208    105.91000
20151209    105.00000
20151210    105.31000
20151211    103.24000
20151214    103.61000
20151215    104.72000
20151216    106.24000
20151217    104.68000
20151218    102.90000
20151221    103.13000
20151222    104.06000
20151223    105.36000
20151224    105.23000
20151228    105.00000
20151229    106.12000
20151230    105.32000
20151231    104.30000

