
PERMNO =  12508

Stock Identification
--------------------
PERMNO    CUSIP Htick  PERMCO   COMPNO   Issuno EX  SIC    Begdt    Enddt DEL
 12508 92190976 VXUS    53643 60070597    67577  3 9999 20110128 20151231 100

Latest Company Name                  Symbol       Naics   SH Ex1 Ex2 Tst Sst
VANGUARD STAR FUNDS                  VXUS         525910  73   Q       A   R


Time Series
-----------
   Caldt       Adjprc
20130604     48.32000
20130605     47.44000
20130606     47.73000
20130607     48.02000
20130610     47.98000
20130611     47.31000
20130612     47.23000
20130613     47.95000
20130614     47.36000
20130617     47.99000
20130618     48.24000
20130619     47.30000
20130620     45.74000
20130621     45.84000
20130624     44.34000
20130625     44.92000
20130626     45.21000
20130627     45.73000
20130628     45.68000
20130701     46.04000
20130702     45.78000
20130703     45.67000
20130705     45.85000
20130708     46.05000
20130709     46.36000
20130710     46.38000
20130711     47.78000
20130712     47.47000
20130715     47.76000
20130716     47.78000
20130717     48.00000
20130718     48.17000
20130719     48.14000
20130722     48.42000
20130723     48.64000
20130724     48.44000
20130725     48.54000
20130726     48.31000
20130729     47.87000
20130730     47.77000
20130731     47.79000
20130801     48.40000
20130802     48.64000
20130805     48.49000
20130806     48.36000
20130807     48.02000
20130808     48.66000
20130809     48.75000
20130812     48.74000
20130813     49.05000
20130814     49.03000
20130815     48.70000
20130816     48.66000
20130819     48.23000
20130820     48.14000
20130821     47.45000
20130822     48.08000
20130823     48.37000
20130826     48.08000
20130827     47.24000
20130828     47.21000
20130829     47.22000
20130830     46.86000
20130903     47.62000
20130904     48.08000
20130905     48.17000
20130906     48.47000
20130909     49.33000
20130910     49.78000
20130911     49.90000
20130912     49.56500
20130913     49.78000
20130916     50.24000
20130917     50.24000
20130918     51.68000
20130919     51.30000
20130920     50.81000
20130923     50.62000
20130924     50.57000
20130925     50.52000
20130926     50.73000
20130927     50.55000
20130930     50.15000
20131001     50.49980
20131002     50.57000
20131003     50.33000
20131004     50.46000
20131007     50.02000
20131008     49.61000
20131009     49.96500
20131010     50.81000
20131011     51.00000
20131014     51.21000
20131015     50.91000
20131016     51.35000
20131017     51.88000
20131018     52.15000
20131021     52.22000
20131022     52.75000
20131023     52.07000
20131024     52.33000
20131025     52.27000
20131028     52.25000
20131029     52.38000
20131030     52.20000
20131031     51.99000
20131101     51.67000
20131104     51.91000
20131105     51.38000
20131106     51.86000
20131107     50.97000
20131108     51.25000
20131111     51.22000
20131112     50.98000
20131113     51.18000
20131114     51.47000
20131115     52.01000
20131118     52.11000
20131119     51.92000
20131120     51.52000
20131121     51.77000
20131122     51.92000
20131125     51.76000
20131126     51.64000
20131127     51.89000
20131129     52.06000
20131202     51.59000
20131203     51.25000
20131204     50.98000
20131205     50.74000
20131206     51.45000
20131209     51.45000
20131210     51.34000
20131211     50.87000
20131212     50.45000
20131213     50.49000
20131216     50.84000
20131217     50.62000
20131218     51.35000
20131219     51.17000
20131220     50.89000
20131223     51.30000
20131224     51.42000
20131226     51.60000
20131227     51.90000
20131230     52.16000
20131231     52.38000
20140102     51.46000
20140103     51.44000
20140106     51.29000
20140107     51.54000
20140108     51.51000
20140109     51.36000
20140110     51.89000
20140113     51.49000
20140114     51.90000
20140115     52.01000
20140116     52.02000
20140117     51.83000
20140121     52.02000
20140122     52.18000
20140123     51.63000
20140124     50.29000
20140127     49.98000
20140128     50.49000
20140129     49.88000
20140130     50.17000
20140131     49.55000
20140203     48.63530
20140204     49.08000
20140205     49.19000
20140206     50.08000
20140207     50.61000
20140210     50.43000
20140211     51.19990
20140212     51.24000
20140213     51.37000
20140214     51.70000
20140218     51.92000
20140219     51.59000
20140220     51.76000
20140221     51.94000
20140224     52.29000
20140225     52.22000
20140226     51.96000
20140227     52.21000
20140228     52.32000
20140303     51.30000
20140304     52.22000
20140305     52.22000
20140306     52.80000
20140307     52.39000
20140310     52.02000
20140311     51.75000
20140312     51.62000
20140313     50.78000
20140314     50.74000
20140317     51.32000
20140318     51.68000
20140319     51.01000
20140320     50.91000
20140321     50.90000
20140324     51.06000
20140325     51.18000
20140326     51.19000
20140327     51.56000
20140328     51.87000
20140331     52.20000
20140401     52.56000
20140402     52.66000
20140403     52.51330
20140404     52.39000
20140407     52.21000
20140408     52.35000
20140409     52.96000
20140410     52.06000
20140411     51.87000
20140414     52.09000
20140415     51.75000
20140416     52.28000
20140417     52.56000
20140421     52.70000
20140422     52.74000
20140423     52.58000
20140424     52.62000
20140425     52.30000
20140428     52.46000
20140429     52.67000
20140430     52.86000
20140501     52.94000
20140502     53.01000
20140505     52.95750
20140506     52.92200
20140507     53.06000
20140508     53.07000
20140509     52.96000
20140512     53.42000
20140513     53.47000
20140514     53.50000
20140515     53.17000
20140516     53.34000
20140519     53.31000
20140520     52.95000
20140521     53.34000
20140522     53.50000
20140523     53.65000
20140527     53.85000
20140528     53.74000
20140529     54.03000
20140530     53.88000
20140602     54.12000
20140603     54.03000
20140604     54.02010
20140605     54.38000
20140606     54.71000
20140609     54.75000
20140610     54.71000
20140611     54.51000
20140612     54.49000
20140613     54.56000
20140616     54.51000
20140617     54.44000
20140618     54.95000
20140619     55.08000
20140620     55.04000
20140623     54.93000
20140624     54.01000
20140625     54.03000
20140626     54.09000
20140627     54.23000
20140630     54.29000
20140701     54.76000
20140702     54.84000
20140703     55.05000
20140707     54.68000
20140708     54.24000
20140709     54.44000
20140710     53.87000
20140711     53.93990
20140714     54.30000
20140715     54.13000
20140716     54.46000
20140717     53.72000
20140718     54.25000
20140721     54.16000
20140722     54.48000
20140723     54.59000
20140724     54.66000
20140725     54.47000
20140728     54.59000
20140729     54.38000
20140730     54.34000
20140731     53.35000
20140801     53.17000
20140804     53.50000
20140805     52.74000
20140806     52.68000
20140807     52.24000
20140808     52.55000
20140811     52.87000
20140812     52.82000
20140813     53.17000
20140814     53.37000
20140815     53.32000
20140818     53.70000
20140819     53.81000
20140820     53.73000
20140821     53.82000
20140822     53.61000
20140825     54.02000
20140826     54.07000
20140827     54.26000
20140828     53.95000
20140829     53.97000
20140902     53.97000
20140903     54.45000
20140904     54.12000
20140905     54.24000
20140908     53.70000
20140909     53.42000
20140910     53.60000
20140911     53.33000
20140912     53.06000
20140915     52.96000
20140916     53.30000
20140917     52.91000
20140918     53.22000
20140919     52.91000
20140922     52.57000
20140923     52.21000
20140924     52.23000
20140925     51.38000
20140926     51.67000
20140929     51.11000
20140930     51.00000
20141001     50.37990
20141002     50.03000
20141003     50.10000
20141006     50.48000
20141007     49.76000
20141008     50.46000
20141009     49.26000
20141010     48.44000
20141013     48.49990
20141014     48.59000
20141015     48.17000
20141016     47.90000
20141017     48.56000
20141020     48.90000
20141021     49.40000
20141022     49.03000
20141023     49.42000
20141024     49.70000
20141027     49.39000
20141028     50.18000
20141029     49.85000
20141030     50.17000
20141031     50.96000
20141103     50.50000
20141104     50.24000
20141105     50.29000
20141106     49.94000
20141107     50.04000
20141110     50.17000
20141111     50.41000
20141112     50.13000
20141113     50.23000
20141114     50.40000
20141117     50.13000
20141118     50.61000
20141119     50.51000
20141120     50.34000
20141121     50.95000
20141124     50.95000
20141125     51.06000
20141126     51.32000
20141128     50.70000
20141201     50.47000
20141202     50.58000
20141203     50.65000
20141204     50.50000
20141205     50.54000
20141208     49.94000
20141209     49.66000
20141210     48.99000
20141211     48.87000
20141212     47.98000
20141215     47.27000
20141216     47.50000
20141217     48.14000
20141218     48.94000
20141219     48.99000
20141222     48.84000
20141223     48.68000
20141224     48.83000
20141226     49.21000
20141229     48.89000
20141230     48.49000
20141231     48.34000
20150102     48.21000
20150105     47.15000
20150106     46.79000
20150107     47.34000
20150108     47.94000
20150109     47.74000
20150112     47.55000
20150113     47.80000
20150114     47.60000
20150115     47.94000
20150116     48.41000
20150120     48.47000
20150121     48.93000
20150122     49.26000
20150123     48.92000
20150126     49.44000
20150127     49.39000
20150128     48.75000
20150129     49.22000
20150130     48.47000
20150202     49.19000
20150203     49.95000
20150204     49.55000
20150205     50.12000
20150206     49.44000
20150209     49.33000
20150210     49.58000
20150211     49.34000
20150212     50.14000
20150213     50.47000
20150217     50.63000
20150218     50.83000
20150219     50.77000
20150220     51.15000
20150223     50.94000
20150224     51.26000
20150225     51.37000
20150226     51.28000
20150227     51.27000
20150302     51.27000
20150303     51.01000
20150304     50.76000
20150305     50.79000
20150306     50.09000
20150309     50.12000
20150310     49.07000
20150311     49.20000
20150312     49.74000
20150313     49.40000
20150316     49.92000
20150317     49.90000
20150318     50.96000
20150319     50.34000
20150320     51.33000
20150323     51.57000
20150324     51.59000
20150325     50.92000
20150326     50.63000
20150327     50.67000
20150330     50.88000
20150331     50.35000
20150401     50.75000
20150402     51.21000
20150406     51.79000
20150407     51.76000
20150408     52.14000
20150409     52.34000
20150410     52.40000
20150413     52.11000
20150414     52.51000
20150415     52.82000
20150416     53.02000
20150417     52.31000
20150420     52.34000
20150421     52.73000
20150422     52.88000
20150423     53.15000
20150424     53.38000
20150427     53.66000
20150428     53.72000
20150429     53.31000
20150430     52.77000
20150501     53.18000
20150504     53.28000
20150505     52.55000
20150506     52.52000
20150507     52.31000
20150508     53.34000
20150511     52.91000
20150512     52.87000
20150513     53.16000
20150514     53.79000
20150515     53.94000
20150518     53.68000
20150519     53.53000
20150520     53.60000
20150521     53.82000
20150522     53.57000
20150526     52.66010
20150527     53.06000
20150528     52.81000
20150529     52.29000
20150601     52.13000
20150602     52.42000
20150603     52.59000
20150604     51.97000
20150605     51.52000
20150608     51.41000
20150609     51.17000
20150610     52.12000
20150611     52.19000
20150612     51.85000
20150615     51.50000
20150616     51.51000
20150617     51.47000
20150618     51.94000
20150619     51.70000
20150622     52.59000
20150623     52.80000
20150624     52.39000
20150625     52.33000
20150626     51.74000
20150629     50.31000
20150630     50.33000
20150701     50.58000
20150702     50.70000
20150706     49.63000
20150707     49.48000
20150708     48.17000
20150709     48.92000
20150710     50.27000
20150713     50.49000
20150714     50.83000
20150715     50.52790
20150716     50.91000
20150717     50.81000
20150720     50.86000
20150721     50.77000
20150722     50.32000
20150723     50.14000
20150724     49.51000
20150727     49.10000
20150728     49.67000
20150729     49.86000
20150730     49.78000
20150731     50.05000
20150803     49.78000
20150804     49.81000
20150805     50.10000
20150806     49.84000
20150807     49.80000
20150810     50.44000
20150811     49.58000
20150812     49.26000
20150813     49.13000
20150814     49.18000
20150817     49.09000
20150818     48.71000
20150819     48.22000
20150820     47.14350
20150821     46.01000
20150824     44.34000
20150825     44.68000
20150826     45.85000
20150827     46.71000
20150828     46.67000
20150831     46.33000
20150901     44.78000
20150902     45.44000
20150903     45.49000
20150904     44.39000
20150908     45.69000
20150909     45.50000
20150910     45.79000
20150911     45.77000
20150914     45.54000
20150915     45.84000
20150916     46.61000
20150917     46.65000
20150918     45.56000
20150921     45.60000
20150922     44.53000
20150923     44.26000
20150924     44.13000
20150925     44.20000
20150928     43.26000
20150929     43.35000
20150930     44.32000
20151001     44.42000
20151002     45.31000
20151005     46.24000
20151006     46.23000
20151007     47.00000
20151008     47.33000
20151009     47.46000
20151012     47.14000
20151013     46.48000
20151014     46.74000
20151015     47.57000
20151016     47.55000
20151019     47.23000
20151020     47.20000
20151021     46.98000
20151022     47.68000
20151023     48.03000
20151026     47.77000
20151027     47.33000
20151028     47.58000
20151029     47.16000
20151030     47.09000
20151102     47.60000
20151103     47.77000
20151104     47.49000
20151105     47.30000
20151106     47.02000
20151109     46.52000
20151110     46.40000
20151111     46.55000
20151112     46.04000
20151113     45.59000
20151116     46.22000
20151117     46.32000
20151118     46.75000
20151119     46.99000
20151120     46.99000
20151123     46.56000
20151124     46.65000
20151125     46.65000
20151127     46.45000
20151130     46.47000
20151201     46.95000
20151202     46.44000
20151203     46.23000
20151204     46.60500
20151207     46.13000
20151208     45.44000
20151209     45.31000
20151210     45.24000
20151211     44.29000
20151214     44.45000
20151215     44.80000
20151216     45.71000
20151217     45.06000
20151218     44.73000
20151221     44.69000
20151222     44.99000
20151223     45.75000
20151224     45.67000
20151228     45.50000
20151229     45.90000
20151230     45.53000
20151231     45.11000

